1.40592
0.57199
-1.04687
-0.0647742
0.424835
-0.165327
-1.73415
-0.870007
-0.405712
0.00351372
0.380487
-0.678173
-0.213865
0.118867
0.311459
-1.9199
-1.41393
1.56265
-1.14944
-0.454985
1.0432
0.164554
-0.599701
-0.242141
-0.543338
-0.635863
0.967613
0.0756764
-0.914384
0.832886
0.748912
-0.355577
1.48622
1.05256
0.530923
0.131426
-0.395329
0.166341
-2.06326
-1.33434
1.09573
0.666534
-0.592466
-1.66214
-0.237739
-0.883813
-0.335356
0.339367
-0.422566
-0.457374
-1.03649
0.639888
0.537692
1.76046
-0.303201
0.594626
-2.1545
-1.33712
1.49255
1.51494
0.803291
0.776309
1.23486
-0.287203
-0.147621
0.919528
0.430485
0.0215548
0.521459
-0.410425
1.57734
0.0288429
-0.335331
0.672044
-0.989856
-0.0994879
0.32686
0.357707
0.600593
0.0654748
-0.180775
-0.226609
0.424449
-1.56236
-0.405813
1.69128
-0.360955
2.01262
0.862203
1.11692
-0.0579896
1.42213
1.07656
-0.406089
0.524768
1.38832
0.319684
-1.09748
-0.795484
-0.914034
-0.511676
-0.105659
-1.0896
0.0516131
-1.479
0.66716
0.447381
0.458598
-0.401457
1.72222
0.895564
2.57905
0.742093
-0.59324
0.0247149
-0.0825926
0.763206
1.79724
0.305019
-1.66235
-0.097493
0.987969
0.316232
-0.207785
-0.348759
-0.363177
-0.757973
-1.05839
-0.12418
0.514277
0.549182
-0.322615
-1.46697
-1.77453
-0.355171
-0.241337
1.65328
0.872671
-1.14292
-1.065
-0.367792
0.404535
1.10348
0.0324623
0.0391359
2.4268
0.490942
1.23422
-0.762303
-1.01533
-0.226663
-0.271239
-1.22816
0.917959
2.06132
-0.439189
-1.10154
-0.263026
-0.914623
-1.65162
0.330767
-0.212974
-0.47464
0.830454
-0.929495
0.398804
-0.79966
0.753726
2.00816
-0.210346
0.257063
-0.409537
-0.687122
0.490331
0.162981
0.382754
0.189801
1.42246
0.0378033
0.564647
-0.204484
-0.15474
-1.36002
-1.32039
-1.50551
0.293472
-1.8598
-0.334685
0.000661602
-0.703563
1.37492
0.230478
0.137033
-0.195519
-1.1133
0.105888
-0.765456
-1.15693
-0.370013
3.207
-0.2832
0.219194
0.657475
-0.23736
-1.14558
1.4652
-0.221094
0.430694
-0.883208
-0.755204
2.45762
-1.70103
1.26314
1.58047
0.0479881
-0.200561
-2.10671
-0.801856
0.00762165
-0.461814
-1.0607
0.366293
1.19789
2.97127
0.204947
-0.300873
-1.0353
-0.92682
0.232461
3.52717
-1.32573
-0.678046
0.178946
-0.848584
1.3531
-1.39722
0.308563
-0.0593853
0.591142
-0.229653
-1.06383
-0.237177
0.138123
-0.287547
-0.704732
0.682953
-0.167886
0.50461
0.768693
0.724331
-0.030041
0.528761
-1.12353
0.595814
0.656069
0.108175
0.65058
0.113288
0.0239903
0.630986
-0.361347
0.458034
0.0115621
-0.20567
0.952111
-2.63819
1.29231
-0.402554
-0.454421
-0.324255
0.644019
0.415582
0.552983
-0.90802
0.133364
0.210313
0.74434
0.171629
0.471278
0.917778
-1.13937
0.292344
-1.63485
-1.35344
2.02243
-0.638911
-1.26326
1.16598
-0.829684
-0.545902
1.27883
1.70075
0.25679
0.698559
-0.186011
-0.0916328
-0.0735321
0.377418
0.343252
0.929616
-0.567186
-0.356879
-0.122871
0.714495
-0.768403
-1.00405
-1.57775
-0.536822
-0.188621
-0.796638
0.538114
-2.36573
-0.508674
0.334341
-1.1012
1.30082
-1.25034
0.551713
0.680981
0.137528
-0.970861
0.903753
0.198067
-0.868391
0.361494
0.890519
-0.274037
0.481403
-0.160748
0.461248
0.311421
-0.155105
1.91362
-0.0783988
0.791446
0.4871
-0.0581855
1.80813
-2.08857
0.969172
-1.30422
0.704887
1.73153
0.76529
-0.977184
-1.62435
0.69009
1.18669
1.89307
-1.24798
-0.933972
-1.08058
-1.20024
0.504867
0.102991
-0.311425
-0.154744
1.02596
1.33161
-1.97733
0.296541
-0.755528
-0.447918
-2.29314
-0.0288868
0.706026
-2.5317
0.761471
-0.711017
1.21278
0.562804
0.111448
1.99187
0.589396
0.585671
-0.680207
1.0681
-1.28305
-0.45589
0.0191249
0.751281
1.43497
0.846983
0.608408
-0.265131
-0.57611
0.912895
-0.723731
1.25121
1.11405
-0.348486
0.992148
1.16719
0.588763
2.35275
-1.06938
0.601439
-0.0146966
1.45929
1.67753
-3.11703
2.16427
-0.635392
-1.49804
0.0939232
0.824852
0.0370774
1.03277
-0.164767
0.829451
0.884649
-0.257871
0.180615
0.290932
0.777046
-0.816471
0.204244
0.221076
0.16114
-1.67234
-2.19419
-0.952978
0.587835
-0.501502
-0.807908
1.56566
-0.209159
0.0586371
0.346966
-1.74216
-0.779616
1.27965
-0.10677
0.380079
1.81546
0.370297
0.31015
-1.29574
1.1842
0.737615
2.43095
0.298648
0.598142
1.20588
-1.184
1.05101
0.909383
-0.302243
0.223856
0.396821
-0.374161
-1.22451
0.463814
-0.244503
-1.37178
-1.65373
-0.0316706
0.374818
-1.8219
-0.220466
1.41212
-3.12994
-0.325101
-0.357755
0.330962
0.671024
1.25535
0.845521
-0.10463
1.76086
0.261965
-0.533908
0.257429
1.18147
-0.370265
1.14035
1.90899
0.0656191
0.0277635
-1.12476
0.62481
-0.701171
0.255431
0.106749
0.355056
0.344303
-1.88283
-0.435522
0.330088
-2.19135
1.91007
0.838357
-2.30851
-0.691681
-0.297505
0.108937
1.45611
-0.334107
-0.409667
0.558317
-1.22945
0.965731
0.818658
0.617283
-1.63014
-0.707842
-0.894137
-0.658673
0.200363
-2.8175
-0.257882
0.97391
-0.696126
-0.171811
-0.741557
0.0244653
-1.10711
-1.86798
-1.1068
-0.771434
2.17481
0.940882
-0.555872
0.998504
-0.193597
0.54821
-1.24681
1.91386
1.71398
-0.43195
-0.304582
1.5017
-1.05438
0.0206006
0.0977178
-0.315932
0.180208
0.420358
-0.806072
-0.659771
-1.40791
-0.939094
0.382078
-1.33718
-0.39513
-1.93028
-0.755016
0.835142
0.0688688
-1.58586
2.33526
-0.228825
-0.459665
0.780446
1.03263
-1.30022
-0.153858
0.978776
1.12914
-0.56919
-0.330922
0.300552
-0.984079
0.498287
1.28554
-0.218063
-0.607882
0.69532
0.337545
-0.159589
-0.975941
0.544274
0.18633
0.51679
-0.347056
-1.46378
-0.728379
-0.753391
-0.241591
-0.908675
1.20496
-0.900676
0.776835
-0.635154
-1.68124
1.64325
-1.36267
-0.31676
1.21402
-0.80458
0.29642
0.098582
-0.443529
-1.32127
-0.27719
-0.514527
-0.852483
0.740741
-0.79196
-0.945316
1.18118
0.681802
0.263757
-0.152482
1.55653
-0.161767
1.14185
-0.788848
-0.508533
0.872286
1.13919
0.758131
0.702288
-0.695055
-0.515995
-0.265773
0.223927
-0.777449
1.7907
0.652609
-0.120248
-0.74311
-0.980815
0.821644
-1.0696
-0.631469
1.228
0.847464
2.1905
-0.818865
0.186576
2.14763
1.4159
1.21332
-1.36347
-0.341329
-0.473373
-0.26778
0.643609
-1.25571
1.04277
0.105705
-0.871349
0.157782
-0.537924
0.306575
0.155922
1.87745
0.765747
0.00173947
1.52727
-0.272611
-0.240514
-0.0217056
-1.08795
0.753708
-0.0196129
2.38768
0.323473
-0.110981
-0.230775
-0.392199
-0.203015
-1.48694
-0.895087
-0.392036
0.707312
0.709187
-0.0832228
2.54803
-0.319164
0.923
-0.0529132
-0.730882
1.39661
-0.98149
0.261157
-1.60062
-2.31425
-0.670994
0.965034
-0.504623
0.0649784
-0.673735
0.530325
-0.27548
-0.463962
-0.0623537
2.33924
0.207606
-0.0214959
0.785527
-1.15528
-0.178083
0.834749
-0.0591769
-1.69586
0.77501
1.76608
0.94331
0.467457
1.53719
1.49344
-1.30854
1.49107
1.47083
1.39909
-0.77668
-0.428582
0.645211
0.234682
-0.843214
0.269612
-1.75538
1.77923
1.2444
2.52943
-1.82926
-1.33411
0.12199
-0.198114
2.5882
-0.677879
1.79118
-0.54665
2.65241
1.0283
-0.0837916
1.22299
0.0882096
-0.567101
-1.60782
0.759047
-0.980904
-0.8401
0.433807
-0.635639
1.14912
-1.17782
-1.86794
0.516816
-1.37052
0.476989
0.149445
-0.777875
0.47541
-0.640391
0.124982
0.52877
-1.69625
0.658417
0.10782
0.682533
0.207147
1.85875
-2.62261
1.49219
-1.57544
1.68877
0.946226
2.30046
-1.08711
0.700625
-0.674322
-0.932623
-0.351021
-0.266942
-0.337694
0.625702
-0.237871
-0.267908
-0.0729754
-1.65447
-0.970852
2.53085
-1.37943
-0.477364
-1.6021
-0.946626
0.356184
0.434815
0.80688
-1.49057
0.701497
0.109264
1.76945
0.936891
0.35323
0.849409
-0.259415
-1.6591
0.292993
0.0450413
0.886101
1.27084
-1.04563
-0.907436
0.149206
-0.0878643
-1.36143
-0.273641
-0.536452
0.204993
-1.21147
-1.02585
-1.16631
-1.12578
1.43221
0.204131
1.89197
-0.879982
-0.258809
-1.29419
0.817545
0.0921207
-0.619456
-0.0416337
-2.10611
0.0562771
-0.730352
-0.899931
-0.375521
1.64692
-0.666117
-1.35508
-0.0516081
-0.301422
-0.160763
-0.159498
0.0691911
-0.167549
-1.13468
-0.805784
-0.267472
-0.444182
-0.387343
-1.30376
1.8657
0.39216
0.928392
0.181553
-0.691498
0.515969
-1.52442
0.386797
2.03916
1.98036
1.15039
0.181616
0.00178693
0.213711
1.0582
0.841996
0.296569
1.09816
-0.210689
-0.448003
-0.565104
0.0562123
-0.880624
1.15251
1.6517
0.730422
1.27343
1.21303
0.216983
-0.40923
0.352472
1.23163
-1.54113
-0.191298
0.855347
-1.67307
-0.477028
-0.041917
-1.19947
-1.06746
-0.9851
2.61042
0.650896
-0.233682
-1.51563
-2.21486
-1.26867
-0.054966
0.464028
1.47624
-2.55616
-0.460134
0.326233
1.16167
-0.414983
-0.29584
0.285281
0.0303444
-0.13113
-2.61205
-0.491255
-1.55022
-0.0940412
-0.258943
0.17842
-1.80746
-0.178898
0.0708582
1.09304
2.23961
0.88888
0.165069
-1.70354
0.665741
-0.808911
1.01537
-0.740061
-1.1417
0.458575
-1.2651
0.539133
-0.475942
-1.14001
0.25201
-0.483243
-2.49224
-1.03174
-0.500982
-1.12088
-0.100824
-1.24263
-2.53706
1.00653
1.00324
0.162078
0.472053
-1.11768
2.21138
-0.767562
1.63096
1.65214
0.109948
1.20847
0.237896
-0.247713
-0.272837
0.50691
0.178401
-1.20033
-0.222682
0.160499
-0.093544
-0.275489
-0.385931
-2.08387
-0.883761
-1.00527
-1.62932
-1.50393
1.48326
0.201169
1.36633
1.2264
