1.405921580371379154e+00
5.719898868773036771e-01
-1.046873166882478445e+00
-6.477416289797172100e-02
4.248353003670677364e-01
-1.653270404079577593e-01
-1.734154308928091970e+00
-8.700071463294221097e-01
-4.057118405616902956e-01
3.513719826127765372e-03
3.804867971643209335e-01
-6.781727683770055748e-01
-2.138646744839526048e-01
1.188667735952468330e-01
3.114587035860171271e-01
-1.919897188273894217e+00
-1.413926980463057648e+00
1.562648589813150579e+00
-1.149440667309818975e+00
-4.549851148449036708e-01
1.043202420200716407e+00
1.645542798218369018e-01
-5.997013129512467344e-01
-2.421405833954496378e-01
-5.433375869964158777e-01
-6.358627590884469161e-01
9.676130210258072628e-01
7.567637868937798773e-02
-9.143838561023909239e-01
8.328863679758816696e-01
7.489121377949543579e-01
-3.555768348589056771e-01
1.486221872058240301e+00
1.052563588912480919e+00
5.309226069411909776e-01
1.314255367075575498e-01
-3.953293244755796132e-01
1.663405486303803360e-01
-2.063259679958310500e+00
-1.334337021299520920e+00
1.095732942130385412e+00
6.665342094109644178e-01
-5.924659585815702512e-01
-1.662135881650310676e+00
-2.377390041558654354e-01
-8.838128614562971164e-01
-3.353562785712180250e-01
3.393672067150743654e-01
-4.225658091709963426e-01
-4.573740652048275401e-01
-1.036488389557820300e+00
6.398883068057684698e-01
5.376923821709695961e-01
1.760459911699851832e+00
-3.032013227558730817e-01
5.946264434699077839e-01
-2.154496989428257070e+00
-1.337124017962462830e+00
1.492546398919182282e+00
1.514941569556403467e+00
8.032911205298969293e-01
7.763088173085466170e-01
1.234860728423087251e+00
-2.872032139341166301e-01
-1.476213748115339508e-01
9.195278970846147981e-01
4.304845676269329902e-01
2.155478855098576230e-02
5.214590864647826729e-01
-4.104254689101276554e-01
1.577337368109626992e+00
2.884294657603178255e-02
-3.353308367399105983e-01
6.720438905752520453e-01
-9.898564491796379983e-01
-9.948787805908038129e-02
3.268598581238872924e-01
3.577068567914649111e-01
6.005925740822417591e-01
6.547477653354247251e-02
-1.807751762820740404e-01
-2.266093328736023260e-01
4.244485160431940018e-01
-1.562359314174791791e+00
-4.058132889230090523e-01
1.691283823424041710e+00
-3.609549515029519262e-01
2.012624276079449714e+00
8.622034952145121167e-01
1.116916350889040732e+00
-5.798964356412906335e-02
1.422134504290627932e+00
1.076558842433428698e+00
-4.060885078571953577e-01
5.247678971687507188e-01
1.388322094614195645e+00
3.196841324125332395e-01
-1.097484804566204675e+00
-7.954839381838589851e-01
-9.140344935812046989e-01
-5.116759126787832068e-01
-1.056591453963471178e-01
-1.089603818231195786e+00
5.161312987404480246e-02
-1.478996678964324518e+00
6.671602817865078805e-01
4.473812121179029933e-01
4.585981027598760584e-01
-4.014571416311480956e-01
1.722216059140260436e+00
8.955643591856436991e-01
2.579045742377076511e+00
7.420928201270651225e-01
-5.932402158869709563e-01
2.471489012353228487e-02
-8.259259709606450728e-02
7.632060951240665636e-01
1.797237320690976636e+00
3.050186769962560107e-01
-1.662353178618269256e+00
-9.749302600180473344e-02
9.879687066110516280e-01
3.162318029401975372e-01
-2.077853548166732900e-01
-3.487594577487265202e-01
-3.631765275620843503e-01
-7.579729053033922304e-01
-1.058387808707120126e+00
-1.241795414278624166e-01
5.142768338143426377e-01
5.491815059971083546e-01
-3.226146599643724411e-01
-1.466972423790636748e+00
-1.774526076330901647e+00
-3.551708028333002698e-01
-2.413372554531975633e-01
1.653276602009638108e+00
8.726706808225853651e-01
-1.142921696612717586e+00
-1.065001498508058475e+00
-3.677917775296059011e-01
4.045351200528412017e-01
1.103477206207860606e+00
3.246230882561703529e-02
3.913594063559468900e-02
2.426804429926717077e+00
4.909420782528494120e-01
1.234222237037070791e+00
-7.623031849372059465e-01
-1.015327641542219217e+00
-2.266627284218805660e-01
-2.712389372042475766e-01
-1.228160337647566491e+00
9.179593300511625920e-01
2.061321278316484484e+00
-4.391885379519895882e-01
-1.101543438405160558e+00
-2.630261153841916277e-01
-9.146233874355625959e-01
-1.651617191636185700e+00
3.307672273874202040e-01
-2.129735835160387891e-01
-4.746401388689197587e-01
8.304544367715358533e-01
-9.294947883303221747e-01
3.988041686256363905e-01
-7.996600419786458191e-01
7.537264859591610300e-01
2.008161932807495109e+00
-2.103459981091030384e-01
2.570634788897548928e-01
-4.095368651812699712e-01
-6.871221294017978432e-01
4.903305124074706089e-01
1.629807012327872118e-01
3.827538857340100353e-01
1.898006127149026445e-01
1.422457871676466867e+00
3.780326657342955587e-02
5.646469553550061971e-01
-2.044836874659971826e-01
-1.547404278024209490e-01
-1.360015396442521451e+00
-1.320391659113808513e+00
-1.505505518345310545e+00
2.934719772573490815e-01
-1.859803000976698595e+00
-3.346852078685136345e-01
6.616015125925044094e-04
-7.035627824343204662e-01
1.374919009345620058e+00
2.304781815611497975e-01
1.370325079945595437e-01
-1.955188563156637083e-01
-1.113299540378714703e+00
1.058879186283063489e-01
-7.654562608397350587e-01
-1.156926278415834952e+00
-3.700133759251365562e-01
3.207002162827060854e+00
-2.832000486031351905e-01
2.191940371562768330e-01
6.574746269543784161e-01
-2.373595639429837145e-01
-1.145576612427161578e+00
1.465198984168485818e+00
-2.210942431126018959e-01
4.306936096309821882e-01
-8.832083830472859942e-01
-7.552035676681488896e-01
2.457624932055438194e+00
-1.701030319290001369e+00
1.263139843719826683e+00
1.580473951987060310e+00
4.798806729102106372e-02
-2.005608595069108824e-01
-2.106710339465950987e+00
-8.018563064754955505e-01
7.621653357078705948e-03
-4.618138217517256949e-01
-1.060696073827935848e+00
3.662930144204560867e-01
1.197887019831775479e+00
2.971273546425585721e+00
2.049473737144243968e-01
-3.008730198641297870e-01
-1.035297531090909828e+00
-9.268195320504284407e-01
2.324612948222901654e-01
3.527171902698838402e+00
-1.325731651262075816e+00
-6.780461824363087642e-01
1.789455421346774489e-01
-8.485842237262138932e-01
1.353096826155659294e+00
-1.397224217271144209e+00
3.085631484898032628e-01
-5.938529938204695213e-02
5.911420873391806108e-01
-2.296528562728013811e-01
-1.063833087439051583e+00
-2.371767239747997191e-01
1.381229049937449660e-01
-2.875471518210623856e-01
-7.047317720622497950e-01
6.829526859718615395e-01
-1.678857536705125608e-01
5.046098022375170578e-01
7.686929207412572795e-01
7.243310161565622574e-01
-3.004101806312097639e-02
5.287606598178259398e-01
-1.123533155861025312e+00
5.958142180867180837e-01
6.560688546794017917e-01
1.081750598063740132e-01
6.505798608355765067e-01
1.132878815329532995e-01
2.399031307642528893e-02
6.309860998753096251e-01
-3.613473567309037904e-01
4.580342160632257520e-01
1.156209755984626865e-02
-2.056702194231948555e-01
9.521106218829571421e-01
-2.638189251088422171e+00
1.292305766046654147e+00
-4.025538248763766980e-01
-4.544206858110177993e-01
-3.242549804484345932e-01
6.440189507431226534e-01
4.155823019250765582e-01
5.529831757034368023e-01
-9.080201507731660016e-01
1.333638891260570114e-01
2.103128537731384085e-01
7.443403678005983126e-01
1.716293466878039964e-01
4.712775238542064038e-01
9.177780727324412746e-01
-1.139366261596715058e+00
2.923441924815324278e-01
-1.634851516254973047e+00
-1.353440687355021099e+00
2.022430590744470180e+00
-6.389106292930395448e-01
-1.263262303994428848e+00
1.165979623290669620e+00
-8.296844894629190614e-01
-5.459019777818501229e-01
1.278834187596645799e+00
1.700748920144872667e+00
2.567898689934363099e-01
6.985593477583456057e-01
-1.860110256785246774e-01
-9.163277560166141478e-02
-7.353206709421324094e-02
3.774183481499329695e-01
3.432524648253095778e-01
9.296156440843423852e-01
-5.671863402736037063e-01
-3.568787350098655553e-01
-1.228707112668033508e-01
7.144953700232470339e-01
-7.684032342978626140e-01
-1.004054934226598306e+00
-1.577748635983038827e+00
-5.368224439582589547e-01
-1.886208773582828402e-01
-7.966379347392718024e-01
5.381144233397463505e-01
-2.365730587689976794e+00
-5.086744528017850264e-01
3.343410586667333040e-01
-1.101196952733810797e+00
1.300817772520315607e+00
-1.250341965153861423e+00
5.517127919015621940e-01
6.809814897333186234e-01
1.375276064996315828e-01
-9.708606155223303835e-01
9.037527895930583810e-01
1.980671444853256413e-01
-8.683907878228367405e-01
3.614944609465286507e-01
8.905188315044003655e-01
-2.740368016765797887e-01
4.814026374866703373e-01
-1.607480664181849817e-01
4.612478877205619665e-01
3.114214762172622941e-01
-1.551050364367664580e-01
1.913620517085452333e+00
-7.839884819031775476e-02
7.914464982334546983e-01
4.870997123188544609e-01
-5.818553090430540059e-02
1.808126102603392127e+00
-2.088570643277186889e+00
9.691718647657319163e-01
-1.304219099995279407e+00
7.048873516219047453e-01
1.731530148802873148e+00
7.652896626087475340e-01
-9.771843904043616691e-01
-1.624354696463110148e+00
6.900898338657998066e-01
1.186693160855096796e+00
1.893070900939124890e+00
-1.247980979979375959e+00
-9.339722561257195466e-01
-1.080576983723522844e+00
-1.200244273582329768e+00
5.048671977671879141e-01
1.029911684448666237e-01
-3.114250156887072851e-01
-1.547443470094329587e-01
1.025964967495250235e+00
1.331608112966113255e+00
-1.977333007445455149e+00
2.965413960770780788e-01
-7.555278654017965057e-01
-4.479178888403047010e-01
-2.293138644208637444e+00
-2.888679685628048333e-02
7.060257450982061478e-01
-2.531697493263776355e+00
7.614708208278474499e-01
-7.110170845882328727e-01
1.212784833276665752e+00
5.628039452400022125e-01
1.114483665885208086e-01
1.991872936076243272e+00
5.893956697548775603e-01
5.856707821188367191e-01
-6.802067857603479872e-01
1.068100552133215864e+00
-1.283054508668137750e+00
-4.558896778131458216e-01
1.912489011558438090e-02
7.512809997022957820e-01
1.434970841570334610e+00
8.469826007612145657e-01
6.084076515131647822e-01
-2.651313468653547778e-01
-5.761103674891892013e-01
9.128950411139298282e-01
-7.237306020817747543e-01
1.251207964867622202e+00
1.114051849108690595e+00
-3.484864497625039803e-01
9.921476221638672044e-01
1.167191410970128240e+00
5.887631441917159369e-01
2.352753142747245896e+00
-1.069383059144744408e+00
6.014394098274333800e-01
-1.469662867157039629e-02
1.459291502142718189e+00
1.677532775190571090e+00
-3.117031612695664755e+00
2.164269086983559465e+00
-6.353917706462195447e-01
-1.498042885647651090e+00
9.392324832099618881e-02
8.248515229874135990e-01
3.707737020377732673e-02
1.032765000283030199e+00
-1.647668628469778351e-01
8.294508816374107640e-01
8.846491771074965760e-01
-2.578707156173046799e-01
1.806146125302767191e-01
2.909317207212549494e-01
7.770457377092087059e-01
-8.164713202582061236e-01
2.042436370872847406e-01
2.210756897543922905e-01
1.611396533720378943e-01
-1.672342092951152326e+00
-2.194192758197350823e+00
-9.529778205423244941e-01
5.878345631452308595e-01
-5.015022199503157418e-01
-8.079076857961130509e-01
1.565664924253676427e+00
-2.091594430837727392e-01
5.863709378677604139e-02
3.469660957824550196e-01
-1.742160442729146386e+00
-7.796163413601284731e-01
1.279646976975837847e+00
-1.067702559864612682e-01
3.800786812163163830e-01
1.815458480847939482e+00
3.702973771985701434e-01
3.101497090744433915e-01
-1.295744727834921450e+00
1.184196780283268691e+00
7.376147959475884974e-01
2.430948485799025782e+00
2.986476695368340262e-01
5.981419825962718262e-01
1.205876965544587121e+00
-1.183998993152473478e+00
1.051013360695188803e+00
9.093831496422853933e-01
-3.022426810673277120e-01
2.238558668703552468e-01
3.968208497712089056e-01
-3.741613952360208772e-01
-1.224508966898226525e+00
4.638142376236257802e-01
-2.445034922969797908e-01
-1.371780927544465900e+00
-1.653731255781633047e+00
-3.167057125271119378e-02
3.748179768075072804e-01
-1.821895324354490420e+00
-2.204663305535723150e-01
1.412119478251443905e+00
-3.129937155961322492e+00
-3.251005356233453991e-01
-3.577546939065575082e-01
3.309619942461923259e-01
6.710242950589108135e-01
1.255346703586758705e+00
8.455212531549902710e-01
-1.046303424662601428e-01
1.760861620876499778e+00
2.619648846559375910e-01
-5.339080109650478079e-01
2.574294855457173736e-01
1.181472978271499663e+00
-3.702645748043347229e-01
1.140349467039688758e+00
1.908989777153142109e+00
6.561905934531038487e-02
2.776350732766916241e-02
-1.124756011852926507e+00
6.248100049517187893e-01
-7.011709257114776550e-01
2.554312309304366813e-01
1.067485195363785250e-01
3.550564236614249802e-01
3.443031577591937342e-01
-1.882832936792145695e+00
-4.355218510031937940e-01
3.300883144628910526e-01
-2.191352655767618618e+00
1.910067394599516577e+00
8.383573077723452949e-01
-2.308514378251177224e+00
-6.916814073901913495e-01
-2.975050736291088294e-01
1.089372292025074934e-01
1.456107776928850628e+00
-3.341067460766405373e-01
-4.096670694966151327e-01
5.583166520346816153e-01
-1.229450848501133731e+00
9.657314681323593275e-01
8.186579882012097187e-01
6.172831988766195321e-01
-1.630139474912765118e+00
-7.078417404062182783e-01
-8.941371702306325497e-01
-6.586728904355299008e-01
2.003634007915692516e-01
-2.817498372829408293e+00
-2.578817322712105842e-01
9.739100244184281108e-01
-6.961260423502619865e-01
-1.718114909574754434e-01
-7.415572013295395060e-01
2.446534722636430764e-02
-1.107110984137685161e+00
-1.867978190771337532e+00
-1.106799757145566776e+00
-7.714342352423699811e-01
2.174810654691683887e+00
9.408815153501547401e-01
-5.558722629708151564e-01
9.985044720159474974e-01
-1.935969653360566922e-01
5.482097709733788626e-01
-1.246813975259864815e+00
1.913856956315968194e+00
1.713978353917870123e+00
-4.319497596256273719e-01
-3.045816504262280344e-01
1.501701164109468190e+00
-1.054378754020172337e+00
2.060063328937308813e-02
9.771782786149141309e-02
-3.159318086237345446e-01
1.802082961671904182e-01
4.203583565949604584e-01
-8.060721167994252534e-01
-6.597711366708804981e-01
-1.407912222020640813e+00
-9.390939333353385265e-01
3.820778303093935735e-01
-1.337183033491176065e+00
-3.951298587370824511e-01
-1.930278840415147634e+00
-7.550162316543699292e-01
8.351418672050512360e-01
6.886883611827754326e-02
-1.585856355836213982e+00
2.335257776876761504e+00
-2.288247655656631130e-01
-4.596653032016008167e-01
7.804456601643230407e-01
1.032634822198269520e+00
-1.300222399096463199e+00
-1.538584418792439124e-01
9.787755468003543902e-01
1.129141947797593692e+00
-5.691903562299100994e-01
-3.309219708651788272e-01
3.005523035138460974e-01
-9.840793608674344162e-01
4.982874608415225892e-01
1.285537974945836215e+00
-2.180632047207340107e-01
-6.078823158978520214e-01
6.953199212619025626e-01
3.375445306558679248e-01
-1.595893872345481579e-01
-9.759410360257840811e-01
5.442742485289185916e-01
1.863299193187719638e-01
5.167896703594764274e-01
-3.470555902363329226e-01
-1.463783288307242136e+00
-7.283785674551080946e-01
-7.533905795545954298e-01
-2.415914504392128459e-01
-9.086749275494661049e-01
1.204961874090863416e+00
-9.006764878552135922e-01
7.768346660573769435e-01
-6.351543427389426677e-01
-1.681241062023868249e+00
1.643247066169471360e+00
-1.362671773516809903e+00
-3.167599629171641840e-01
1.214024737981585611e+00
-8.045801010663837793e-01
2.964197264441048585e-01
9.858204169751418056e-02
-4.435286224088927920e-01
-1.321267860030740593e+00
-2.771895534291906049e-01
-5.145273170279290875e-01
-8.524831556331249338e-01
7.407411072419445297e-01
-7.919595200427137494e-01
-9.453161297841060628e-01
1.181182751176793166e+00
6.818017595230188022e-01
2.637565884917117964e-01
-1.524823880915644747e-01
1.556533582214759237e+00
-1.617671149991531387e-01
1.141853562031552638e+00
-7.888477145887194952e-01
-5.085333123811949241e-01
8.722861669903332338e-01
1.139193099753736949e+00
7.581310207362756959e-01
7.022882763932416506e-01
-6.950551465251311178e-01
-5.159949627726952981e-01
-2.657732224171918678e-01
2.239269339615558851e-01
-7.774489788230678489e-01
1.790701706631599111e+00
6.526086848999534951e-01
-1.202482649313105639e-01
-7.431098716998520981e-01
-9.808145873372022816e-01
8.216437169737866864e-01
-1.069602842568339485e+00
-6.314692592044729436e-01
1.227996362483614989e+00
8.474643019898034924e-01
2.190496185245729421e+00
-8.188647356930160992e-01
1.865759004765037143e-01
2.147630143056988850e+00
1.415901469138927782e+00
1.213323372766232033e+00
-1.363466450481224612e+00
-3.413290019790792273e-01
-4.733731239777358990e-01
-2.677796486907214613e-01
6.436094191132289977e-01
-1.255706463145429108e+00
1.042770275893368792e+00
1.057053958752298822e-01
-8.713485691589103466e-01
1.577819912708472994e-01
-5.379238222077065146e-01
3.065750927276970628e-01
1.559219746474972690e-01
1.877449166597386476e+00
7.657472848767818974e-01
1.739472142542289107e-03
1.527271824746895712e+00
-2.726106341983954851e-01
-2.405141396702997203e-01
-2.170564952430513450e-02
-1.087953158849547242e+00
7.537077455886466160e-01
-1.961290555031242056e-02
2.387678487926693460e+00
3.234734819752149715e-01
-1.109811501949884288e-01
-2.307746485904595690e-01
-3.921987318898214614e-01
-2.030150061455146260e-01
-1.486941913785513769e+00
-8.950874374302530967e-01
-3.920362992157014892e-01
7.073122794616893971e-01
7.091870695634288069e-01
-8.322279490393666435e-02
2.548025055390705784e+00
-3.191637988077636878e-01
9.230003982801562312e-01
-5.291323929660805836e-02
-7.308823564198893008e-01
1.396605430486114185e+00
-9.814902901130125867e-01
2.611571301757730779e-01
-1.600620003775563349e+00
-2.314248401238214736e+00
-6.709944740378595007e-01
9.650336279896160052e-01
-5.046226373981241853e-01
6.497844882935137345e-02
-6.737347156106949786e-01
5.303254224866632560e-01
-2.754798700203254236e-01
-4.639615152629561479e-01
-6.235365234643443222e-02
2.339240569032642547e+00
2.076064343682883784e-01
-2.149590196140614348e-02
7.855272090803945284e-01
-1.155278138760616136e+00
-1.780832542428359144e-01
8.347489043990187207e-01
-5.917694895882299327e-02
-1.695861062340330738e+00
7.750103042683693655e-01
1.766083678383921773e+00
9.433104776476287645e-01
4.674569801936721558e-01
1.537193170514954410e+00
1.493441167401883263e+00
-1.308543614893888929e+00
1.491071130887187568e+00
1.470825659045391198e+00
1.399087532458427097e+00
-7.766796234490671580e-01
-4.285822909178419460e-01
6.452114616521621437e-01
2.346823276007422854e-01
-8.432144136967301140e-01
2.696116555826109651e-01
-1.755382181060228808e+00
1.779225238196564085e+00
1.244404301020778147e+00
2.529431203672904527e+00
-1.829260907543910797e+00
-1.334107745834672842e+00
1.219896427830886032e-01
-1.981135445652467131e-01
2.588199382622273337e+00
-6.778794762798545648e-01
1.791177339034709215e+00
-5.466499672066253979e-01
2.652414681484827064e+00
1.028298537377155153e+00
-8.379159914165573708e-02
1.222990004034764100e+00
8.820959944035776379e-02
-5.671012173814925506e-01
-1.607822870328112996e+00
7.590469745066120710e-01
-9.809036629545867525e-01
-8.400995675086055936e-01
4.338068078407706363e-01
-6.356386171267759400e-01
1.149115736655135223e+00
-1.177817079404135825e+00
-1.867940371972940827e+00
5.168161883364199571e-01
-1.370515872059164808e+00
4.769887673558739771e-01
1.494454205172859318e-01
-7.778750811986849811e-01
4.754097307608429190e-01
-6.403912840234211590e-01
1.249824405474252165e-01
5.287695088600113946e-01
-1.696246516131492132e+00
6.584169329463499531e-01
1.078202681000467733e-01
6.825332680060141044e-01
2.071469014324773539e-01
1.858750344903006058e+00
-2.622613524656911999e+00
1.492192354091741446e+00
-1.575438285297474206e+00
1.688770141818228154e+00
9.462260369370973923e-01
2.300462363525910714e+00
-1.087109980054828506e+00
7.006247943735176564e-01
-6.743221655138268433e-01
-9.326230704549205441e-01
-3.510207255852693109e-01
-2.669423025067644284e-01
-3.376938133512256135e-01
6.257024354857775306e-01
-2.378714498272347377e-01
-2.679076065136570817e-01
-7.297538819734838977e-02
-1.654473814882443605e+00
-9.708515024187414078e-01
2.530848562061322582e+00
-1.379427935296635876e+00
-4.773641056451203846e-01
-1.602099903264348590e+00
-9.466259286791922634e-01
3.561838556544904555e-01
4.348153505066149616e-01
8.068795088020946915e-01
-1.490566664899721117e+00
7.014973921209349816e-01
1.092637214429724307e-01
1.769450271538773656e+00
9.368907912391901682e-01
3.532304336364616715e-01
8.494086579854698282e-01
-2.594154520254324248e-01
-1.659103738687544904e+00
2.929927122921143767e-01
4.504129977262637252e-02
8.861013910376434044e-01
1.270838070721847402e+00
-1.045628748063354374e+00
-9.074362719953342760e-01
1.492057488931040066e-01
-8.786430067571601721e-02
-1.361427368447960529e+00
-2.736414522048479792e-01
-5.364520866878145222e-01
2.049925199091636729e-01
-1.211465837685408831e+00
-1.025847895040093105e+00
-1.166305761211984704e+00
-1.125775469908899762e+00
1.432214763905135468e+00
2.041311737309856045e-01
1.891973370418385203e+00
-8.799824667643408871e-01
-2.588093993105110013e-01
-1.294186412858428392e+00
8.175448216411294045e-01
9.212073467354328637e-02
-6.194564218749556428e-01
-4.163373452763481641e-02
-2.106112349622980329e+00
5.627709084160893716e-02
-7.303520724060850178e-01
-8.999313788123838309e-01
-3.755211292743483309e-01
1.646918305817767658e+00
-6.661171687111675510e-01
-1.355081756565297724e+00
-5.160812770728129273e-02
-3.014215433771676445e-01
-1.607625794201533453e-01
-1.594980028088190949e-01
6.919106142655889746e-02
-1.675491271945715455e-01
-1.134682236611414430e+00
-8.057841534081334744e-01
-2.674718538024494774e-01
-4.441818287248986419e-01
-3.873432343026228519e-01
-1.303758145660907752e+00
1.865702800164533270e+00
3.921596376015710206e-01
9.283924449530913670e-01
1.815526364138414506e-01
-6.914982376757216054e-01
5.159689033309188266e-01
-1.524423796503562967e+00
3.867966625425477978e-01
2.039160978173623295e+00
1.980360732813308822e+00
1.150393469896665799e+00
1.816156609778067366e-01
1.786932820889299001e-03
2.137108674982847734e-01
1.058201109342547186e+00
8.419959829918658434e-01
2.965690580851860214e-01
1.098159561497132009e+00
-2.106887715391674298e-01
-4.480032969417490629e-01
-5.651042042242829799e-01
5.621229337266173826e-02
-8.806237823218608929e-01
1.152506541048539335e+00
1.651698412200375055e+00
7.304216569724366614e-01
1.273433368070765237e+00
1.213027101861368751e+00
2.169834883131930292e-01
-4.092299265392872476e-01
3.524719196900925056e-01
1.231625735880374606e+00
-1.541131725339218272e+00
-1.912975039296698765e-01
8.553466170637641364e-01
-1.673070403716172994e+00
-4.770284801426575849e-01
-4.191696017840014499e-02
-1.199466273459391275e+00
-1.067456749372636793e+00
-9.850996109887619756e-01
2.610417764395000617e+00
6.508955153044345687e-01
-2.336822000970339708e-01
-1.515632472195397762e+00
-2.214859014736505038e+00
-1.268666546934606343e+00
-5.496604240300029254e-02
4.640281979740706886e-01
1.476236658415684966e+00
-2.556161805155094946e+00
-4.601335554375498571e-01
3.262333336696064956e-01
1.161666768048372989e+00
-4.149828980179097182e-01
-2.958401999350858680e-01
2.852807444016187688e-01
3.034442607347375906e-02
-1.311303449794179732e-01
-2.612052569612961506e+00
-4.912545218022990046e-01
-1.550219832297149436e+00
-9.404122842140777427e-02
-2.589430212641628537e-01
1.784197149289140361e-01
-1.807458294739360039e+00
-1.788979508607637658e-01
7.085824343438837380e-02
1.093038026680274388e+00
2.239608967774857629e+00
8.888804996395753832e-01
1.650692171903792027e-01
-1.703535926727393290e+00
6.657412029188498614e-01
-8.089109088343837684e-01
1.015370922825832523e+00
-7.400612727421488346e-01
-1.141701884633647301e+00
4.585750315015138523e-01
-1.265096721914593658e+00
5.391330117126958976e-01
-4.759420532271219084e-01
-1.140005708551675268e+00
2.520101080904927904e-01
-4.832433746872626945e-01
-2.492240324304050070e+00
-1.031739197408268582e+00
-5.009823593618295545e-01
-1.120883614304085008e+00
-1.008243545720156342e-01
-1.242628236874116610e+00
-2.537055693467056727e+00
1.006531112993970911e+00
1.003235220160391128e+00
1.620777916829492238e-01
4.720532859456986197e-01
-1.117677899794320417e+00
2.211380043122765926e+00
-7.675618280396433457e-01
1.630961807911603278e+00
1.652138463208741914e+00
1.099484728519866950e-01
1.208473622172458573e+00
2.378957434504073154e-01
-2.477125329588449054e-01
-2.728366748524530538e-01
5.069104032054454478e-01
1.784006878171447152e-01
-1.200329156321789048e+00
-2.226815012742260902e-01
1.604992722458026821e-01
-9.354399097613262659e-02
-2.754885409193761903e-01
-3.859313910148728377e-01
-2.083874842121674398e+00
-8.837611295696278235e-01
-1.005269469145406491e+00
-1.629319241525961193e+00
-1.503932813007563318e+00
1.483258035214820358e+00
2.011685146127247803e-01
1.366326633764350706e+00
1.226404664295667635e+00
